AfroAsiatic = [ 0, 1, 11, 13, 3 ];
AikanA¡ = [0, 0, 1, 0, 0,];
Ainu = [1, 0, 0, 0, 0,];
Alacalufan = [0, 0, 1, 0, 0,];
Algic = [1, 1, 0, 0, 0,];
Altaic = [0, 0, 1, 0, 0,];
Andoke = [1, 0, 0, 0, 0,];
Arauan = [0, 0, 1, 0, 0,];
Araucanian = [0, 0, 1, 0, 0,];
Arawakan = [0, 0, 1, 0, 0,];
Australian = [0, 0, 1, 0, 0,];
Austro-Asiatic = [0, 0, 1, 0, 0,];
Austronesian = [0, 1, 0, 0, 0,];
Aymaran = [0, 0, 0, 1, 0,];
AikanA¡ = [0, 0, 0, 0, 0,];
AikanA¡ = [0, 0, 0, 0, 0,];
AikanA¡ = [0, 0, 0, 0, 0,];
AikanA¡ = [0, 0, 0, 0, 0,];
AikanA¡ = [0, 0, 0, 0, 0,];
AikanA¡ = [0, 0, 0, 0, 0,];
AikanA¡ = [0, 0, 0, 0, 0,];
AikanA¡ = [0, 0, 0, 0, 0,];
AikanA¡ = [0, 0, 0, 0, 0,];
AikanA¡ = [0, 0, 0, 0, 0,];
AikanA¡ = [0, 0, 0, 0, 0,];
AikanA¡ = [0, 0, 0, 0, 0,];
AikanA¡ = [0, 0, 0, 0, 0,];
AikanA¡ = [0, 0, 0, 0, 0,];
AikanA¡ = [0, 0, 0, 0, 0,];
AikanA¡ = [0, 0, 0, 0, 0,];
AikanA¡ = [0, 0, 0, 0, 0,];
AikanA¡ = [0, 0, 0, 0, 0,];
AikanA¡ = [0, 0, 0, 0, 0,];
AikanA¡ = [0, 0, 0, 0, 0,];
AikanA¡ = [0, 0, 0, 0, 0,];
AikanA¡ = [0, 0, 0, 0, 0,];
AikanA¡ = [0, 0, 0, 0, 0,];
AikanA¡ = [0, 0, 0, 0, 0,];
AikanA¡ = [0, 0, 0, 0, 0,];
AikanA¡ = [0, 0, 0, 0, 0,];
AikanA¡ = [0, 0, 0, 0, 0,];
AikanA¡ = [0, 0, 0, 0, 0,];
AikanA¡ = [0, 0, 0, 0, 0,];
AikanA¡ = [0, 0, 0, 0, 0,];
AikanA¡ = [0, 0, 0, 0, 0,];
AikanA¡ = [0, 0, 0, 0, 0,];
AikanA¡ = [0, 0, 0, 0, 0,];
AikanA¡ = [0, 0, 0, 0, 0,];
AikanA¡ = [0, 0, 0, 0, 0,];
AikanA¡ = [0, 0, 0, 0, 0,];
AikanA¡ = [0, 0, 0, 0, 0,];
AikanA¡ = [0, 0, 0, 0, 0,];
AikanA¡ = [0, 0, 0, 0, 0,];
AikanA¡ = [0, 0, 0, 0, 0,];
AikanA¡ = [0, 0, 0, 0, 0,];
AikanA¡ = [0, 0, 0, 0, 0,];
AikanA¡ = [0, 0, 0, 0, 0,];
AikanA¡ = [0, 0, 0, 0, 0,];
AikanA¡ = [0, 0, 0, 0, 0,];
AikanA¡ = [0, 0, 0, 0, 0,];
AikanA¡ = [0, 0, 0, 0, 0,];
AikanA¡ = [0, 0, 0, 0, 0,];
AikanA¡ = [0, 0, 0, 0, 0,];
AikanA¡ = [0, 0, 0, 0, 0,];
AikanA¡ = [0, 0, 0, 0, 0,];
AikanA¡ = [0, 0, 0, 0, 0,];
AikanA¡ = [0, 0, 0, 0, 0,];
AikanA¡ = [0, 0, 0, 0, 0,];
AikanA¡ = [0, 0, 0, 0, 0,];
AikanA¡ = [0, 0, 0, 0, 0,];
AikanA¡ = [0, 0, 0, 0, 0,];
AikanA¡ = [0, 0, 0, 0, 0,];
AikanA¡ = [0, 0, 0, 0, 0,];
AikanA¡ = [0, 0, 0, 0, 0,];
AikanA¡ = [0, 0, 0, 0, 0,];
AikanA¡ = [0, 0, 0, 0, 0,];
AikanA¡ = [0, 0, 0, 0, 0,];
AikanA¡ = [0, 0, 0, 0, 0,];
AikanA¡ = [0, 0, 0, 0, 0,];
AikanA¡ = [0, 0, 0, 0, 0,];
AikanA¡ = [0, 0, 0, 0, 0,];



















